3346072291
27571867
3346072292
101126
2058674509
1915569928
34578090
27571862
504686859
101079
101133
3319292888
2758129568
28453011
1865399109
101093
525558041
496617470
101106
39224244
2160386503
101145
101118
3341057430
1915561543
27571865
32303044
101138
101109
101066
101120
1982632526
533181327
27571859
455426786
2697302337
27571866
2084361864
2609154517
101112
2140313215
101073
2116713419
101140
448917682
2108866912
1991334161
28452037
101131
27571861
2093492757
27571860
3338768433
2713990276
1901604253
485383515
1915803113
445816617
2727801587
3331620019
101178
28457666
2041221895
1915571872
101070
2648203155
1914628093
461851456
1915570354
101044
574335388
2718550932
29818167
3336857085
1978872800
1930416680
1306731693
3329707074
1942367342
2685551603
1915805117
2025212257
1880651156
27571868
1856306867
2129214839
30070832
29811186
538400968
2666533979
1841921621
508610293
2742498807
2666533319
2693466531
2014305188
1918892689
366311
1826156414
2146995824
33072052
2748660343
1895056902
27571864
1928686184
1885549155
3326339191
2758129901
2639634514
2655474716
1956143373
2724375822
459437308
41500536
2663767113
537542277
1967256460
2067002778
36024838
492491650
2036224363
27583659
2676006788
2708699209
1915569848
1915805365
1962335596
2140025256
2629898435
413812450
2660203344
2103741649
33471958
567532560
101092
2050367161
1922901677
1847994719
29811165
27571858
101116
34057078
38582746
2619094005
2077449758
2639823879
2632093994
27731392
3319295986
448520476
528473376
2037219352
1840434515
3352176990
31191688
3335815190
2632094121
1994016492
1900537218
3337887576
2685236734
2616375977
2600225836
